https://www.boutjefedankt.nl/s/BUim4lQNGysyG0TA
