http://www.mediafire.com/file/xboqwtxe78uc2yf/Compilation_-_Journey_to_the_stars.cbr/file
