http://www.mediafire.com/file/c9pyq4xdx406832/Compilation_-_Tim_Traveller.cbr
