https://wp.me/pbPGHC-Fx
https://wp.me/pbPGHC-Fz
https://wp.me/pbPGHC-FE
https://wp.me/pbPGHC-FG

