https://www.boutjefedankt.nl/s/i9SLPjAFnLagGcQ
