http://www.mediafire.com/download/p3zuc592wvwf575/np-lucy01.rar

