https://www.boutjefedankt.nl/s/lbUVHbuwmp6ylYY
http://www.mediafire.com/file/11bk03mm2cldtn2/nppolly.rar
http://www.mediafire.com/download/pg092wary3rze0q/np-polly02.rar
http://www.mediafire.com/download/7lzci4nqao39hn5/np-polly01.rar

