https://www.boutjefedankt.nl/s/vixkYRrZ6W0J2Wb
https://www.boutjefedankt.nl/s/joIBLbNMnPJJBc1
https://www.boutjefedankt.nl/s/X0LhPyTuoQc7ngf
https://www.boutjefedankt.nl/s/mAVuFvBAzBV5bLv
https://www.boutjefedankt.nl/s/bQn09wNGI2HVI47
https://www.boutjefedankt.nl/s/eYli5prNaDXxhy1
https://www.boutjefedankt.nl/s/wfBBKdRV65ITorH
https://www.boutjefedankt.nl/s/UJja1RkRuJZ9WWF
https://www.boutjefedankt.nl/s/lCjo05dgK52Nhcg
https://www.boutjefedankt.nl/s/XoEAiqRM1abaBvN
