https://www.boutjefedankt.nl/s/cDtpKCYLJMhAQkm
https://www.boutjefedankt.nl/s/9XriZn7iX2S9xnW
https://www.boutjefedankt.nl/s/vDR3Swz0iww0IRf
https://www.boutjefedankt.nl/s/elMMzrTAhsNoHR5
https://www.boutjefedankt.nl/s/vhKCNoeZyT0E6uB
https://www.boutjefedankt.nl/s/iazl2JwODdOEPci
https://www.boutjefedankt.nl/s/6jlP3FlmqGqrJgP
https://www.boutjefedankt.nl/s/1fBylYg3wGlPxGB
https://www.boutjefedankt.nl/s/DVlGOD5VkwSYYEX
https://www.boutjefedankt.nl/s/wo1j4tAIFxz8Psn
https://www.boutjefedankt.nl/s/ieyncxumXb8PCwI
https://www.boutjefedankt.nl/s/iq7OJRVTzPR4jeL
https://www.boutjefedankt.nl/s/C1Cy6pqbNM1JQIf
https://www.boutjefedankt.nl/s/b0vyUm4FPxVNbpW
https://www.boutjefedankt.nl/s/st03LirBUNUesDD
https://www.boutjefedankt.nl/s/fRN4xNDNz47xzpK
https://www.boutjefedankt.nl/s/YkA8GLtS4BUx75v
https://www.boutjefedankt.nl/s/fiEDkVZPORNY5pQ
https://www.boutjefedankt.nl/s/Dsy8kXWYDJ66oMg
https://www.boutjefedankt.nl/s/9Y7ENRZT8OKu9rM
https://www.boutjefedankt.nl/s/6fLysC479SITD1n
https://www.boutjefedankt.nl/s/qqUfseKba4B7JhU
https://www.boutjefedankt.nl/s/YIeBFA12I6ufhD5
https://www.boutjefedankt.nl/s/h6jayKaPZHeRpR9
https://www.boutjefedankt.nl/s/f9ShLxyRcrAJPDD
https://www.boutjefedankt.nl/s/hbeiLtLA2OYNwbA
https://www.boutjefedankt.nl/s/uwOj5eoR61NDH3t
https://www.boutjefedankt.nl/s/o9X36cYGnmlCOSr
https://www.boutjefedankt.nl/s/gEb4wOz7hASlJiu
https://www.boutjefedankt.nl/s/Hf36ciFg0bEdE1x
https://www.boutjefedankt.nl/s/2dWTmbE8kmznO1l
https://www.boutjefedankt.nl/s/67vFUHpUA2gaxJt
