http://www.mediafire.com/file/d5hold4ayeq4qv8/rabfd01.rar
